0, 0, -0.080, -0.042, -0.150
1, 0, -0.097, -0.042, -0.150
2, 0, -0.114, -0.043, -0.150
3, 0, -0.131, -0.043, -0.150
4, 0, -0.148, -0.044, -0.150
5, 0, -0.165, -0.044, -0.150
6, 0, -0.182, -0.044, -0.150
7, 0, -0.199, -0.044, -0.150

0, 1, -0.080, -0.025, -0.150
1, 1, -0.097, -0.025, -0.150
2, 1, -0.114, -0.026, -0.150
3, 1, -0.131, -0.026, -0.150
4, 1, -0.148, -0.027, -0.150
5, 1, -0.165, -0.027, -0.150
6, 1, -0.182, -0.027, -0.150
7, 1, -0.199, -0.027, -0.150

0, 2, -0.080, -0.008, -0.150
1, 2, -0.097, -0.009, -0.150
2, 2, -0.114, -0.009, -0.150
3, 2, -0.131, -0.010, -0.150
4, 2, -0.148, -0.010, -0.150
5, 2, -0.165, -0.011, -0.150
6, 2, -0.182, -0.011, -0.150
7, 2, -0.198, -0.011, -0.150

0, 3, -0.081, 0.009, -0.150
1, 3, -0.098, 0.008, -0.150
2, 3, -0.115, 0.008, -0.150
3, 3, -0.132, 0.007, -0.150
4, 3, -0.149, 0.007, -0.150
5, 3, -0.166, 0.006, -0.150
6, 3, -0.183, 0.006, -0.150
7, 3, -0.200, 0.006, -0.150

0, 4, -0.082, 0.025, -0.150
1, 4, -0.099, 0.025, -0.150
2, 4, -0.116, 0.024, -0.150
3, 4, -0.133, 0.024, -0.150
4, 4, -0.150, 0.023, -0.150
5, 4, -0.167, 0.023, -0.150
6, 4, -0.184, 0.023, -0.150
7, 4, -0.201, 0.023, -0.150

0, 5, -0.082, 0.042, -0.150
1, 5, -0.099, 0.041, -0.150
2, 5, -0.116, 0.041, -0.150
3, 5, -0.133, 0.040, -0.150
4, 5, -0.150, 0.040, -0.150
5, 5, -0.167, 0.040, -0.150
6, 5, -0.184, 0.040, -0.150
7, 5, -0.201, 0.040, -0.150
