0, 0, 0.187, -0.037, -0.153
1, 0, 0.170, -0.037, -0.153
2, 0, 0.153, -0.037, -0.153
3, 0, 0.136, -0.038, -0.153
4, 0, 0.121, -0.038, -0.153
5, 0, 0.104, -0.039, -0.153
6, 0, 0.087, -0.040, -0.153
7, 0, 0.070, -0.040, -0.153

0, 1, 0.187, -0.019, -0.153
1, 1, 0.170, -0.020, -0.153
2, 1, 0.153, -0.020, -0.153
3, 1, 0.137, -0.020, -0.153
4, 1, 0.120, -0.021, -0.153
5, 1, 0.103, -0.022, -0.153
6, 1, 0.086, -0.023, -0.153
7, 1, 0.070, -0.024, -0.153

0, 2, 0.186, -0.003, -0.153
1, 2, 0.169, -0.003, -0.153
2, 2, 0.153, -0.004, -0.153
3, 2, 0.137, -0.004, -0.153
4, 2, 0.120, -0.005, -0.153
5, 2, 0.103, -0.005, -0.153
6, 2, 0.086, -0.006, -0.153
7, 2, 0.069, -0.007, -0.153

0, 3, 0.185, 0.013, -0.153
1, 3, 0.168, 0.013, -0.153
2, 3, 0.153, 0.013, -0.153
3, 3, 0.135, 0.012, -0.153
4, 3, 0.119, 0.012, -0.153
5, 3, 0.103, 0.011, -0.153
6, 3, 0.086, 0.011, -0.153
7, 3, 0.069, 0.010, -0.153

0, 4, 0.185, 0.030, -0.154
1, 4, 0.168, 0.030, -0.154
2, 4, 0.152, 0.030, -0.154
3, 4, 0.136, 0.029, -0.154
4, 4, 0.119, 0.029, -0.154
5, 4, 0.103, 0.028, -0.154
6, 4, 0.086, 0.028, -0.154
7, 4, 0.069, 0.027, -0.154

0, 5, 0.184, 0.047, -0.154
1, 5, 0.168, 0.047, -0.154
2, 5, 0.152, 0.047, -0.154
3, 5, 0.136, 0.046, -0.154
4, 5, 0.119, 0.046, -0.154
5, 5, 0.103, 0.045, -0.154
6, 5, 0.086, 0.044, -0.154
7, 5, 0.069, 0.043, -0.154
