0, 0, 0.185, -0.037, -0.154
1, 0, 0.170, -0.037, -0.154
2, 0, 0.153, -0.037, -0.154
3, 0, 0.136, -0.038, -0.154
4, 0, 0.120, -0.038, -0.154
5, 0, 0.103, -0.038, -0.154
6, 0, 0.086, -0.038, -0.154
7, 0, 0.069, -0.039, -0.154

0, 1, 0.185, -0.021, -0.154
1, 1, 0.169, -0.021, -0.154
2, 1, 0.152, -0.022, -0.154
3, 1, 0.135, -0.022, -0.154
4, 1, 0.119, -0.022, -0.154
5, 1, 0.103, -0.022, -0.154
6, 1, 0.085, -0.022, -0.154
7, 1, 0.068, -0.023, -0.154

0, 2, 0.185, -0.004, -0.154
1, 2, 0.169, -0.004, -0.154
2, 2, 0.152, -0.004, -0.154
3, 2, 0.135, -0.004, -0.154
4, 2, 0.119, -0.005, -0.154
5, 2, 0.103, -0.005, -0.154
6, 2, 0.085, -0.006, -0.154
7, 2, 0.068, -0.007, -0.154

0, 3, 0.185, 0.013, -0.154
1, 3, 0.169, 0.013, -0.154
2, 3, 0.152, 0.013, -0.154
3, 3, 0.135, 0.013, -0.154
4, 3, 0.119, 0.012, -0.154
5, 3, 0.102, 0.011, -0.154
6, 3, 0.084, 0.010, -0.154
7, 3, 0.067, 0.009, -0.154

0, 4, 0.185, 0.029, -0.154
1, 4, 0.169, 0.029, -0.154
2, 4, 0.152, 0.029, -0.154
3, 4, 0.135, 0.028, -0.154
4, 4, 0.119, 0.028, -0.154
5, 4, 0.102, 0.028, -0.154
6, 4, 0.084, 0.028, -0.154
7, 4, 0.067, 0.027, -0.154

0, 5, 0.184, 0.046, -0.154
1, 5, 0.168, 0.046, -0.154
2, 5, 0.151, 0.046, -0.154
3, 5, 0.134, 0.046, -0.154
4, 5, 0.118, 0.046, -0.154
5, 5, 0.102, 0.045, -0.154
6, 5, 0.084, 0.044, -0.154
7, 5, 0.067, 0.043, -0.154
