0, 0, -0.079, -0.039, -0.150
1, 0, -0.096, -0.040, -0.150
2, 0, -0.113, -0.040, -0.150
3, 0, -0.130, -0.041, -0.150
4, 0, -0.147, -0.042, -0.150
5, 0, -0.164, -0.042, -0.150
6, 0, -0.181, -0.043, -0.150
7, 0, -0.198, -0.043, -0.150

0, 1, -0.079, -0.023, -0.150
1, 1, -0.096, -0.023, -0.150
2, 1, -0.113, -0.024, -0.150
3, 1, -0.130, -0.024, -0.150
4, 1, -0.147, -0.024, -0.150
5, 1, -0.164, -0.025, -0.150
6, 1, -0.181, -0.025, -0.150
7, 1, -0.198, -0.025, -0.150

0, 2, -0.080, -0.006, -0.150
1, 2, -0.097, -0.006, -0.150
2, 2, -0.114, -0.006, -0.150
3, 2, -0.131, -0.007, -0.150
4, 2, -0.148, -0.008, -0.150
5, 2, -0.165, -0.008, -0.150
6, 2, -0.182, -0.008, -0.150
7, 2, -0.198, -0.008, -0.150

0, 3, -0.080, 0.011, -0.150
1, 3, -0.097, 0.010, -0.150
2, 3, -0.114, 0.010, -0.150
3, 3, -0.131, 0.009, -0.150
4, 3, -0.148, 0.009, -0.150
5, 3, -0.165, 0.008, -0.150
6, 3, -0.182, 0.008, -0.150
7, 3, -0.199, 0.008, -0.150

0, 4, -0.080, 0.028, -0.150
1, 4, -0.097, 0.027, -0.150
2, 4, -0.114, 0.027, -0.150
3, 4, -0.131, 0.026, -0.150
4, 4, -0.148, 0.025, -0.150
5, 4, -0.165, 0.025, -0.150
6, 4, -0.182, 0.025, -0.150
7, 4, -0.199, 0.025, -0.150

0, 5, -0.080, 0.043, -0.150
1, 5, -0.097, 0.043, -0.150
2, 5, -0.114, 0.043, -0.150
3, 5, -0.131, 0.043, -0.150
4, 5, -0.148, 0.043, -0.150
5, 5, -0.165, 0.042, -0.150
6, 5, -0.182, 0.042, -0.150
7, 5, -0.199, 0.042, -0.150
